((jax_etc) ) [ewarnberg@holygpu8a22405 vnl-experiments]$ python vnl_experiments/delays/net_size_sweep.py
CartpoleSwingup
TrainConfig(ppo=PPOConfig(n_envs=8192, rollout_length=30, total_steps=120000000, gae_lambda=0.95, discounting_factor=0.99, clip_range=0.3, learning_rate=0.0001, normalize_advantages=True, combine_advantages=False, n_epochs=4, n_minibatches=8, critic_loss_weight=1.0, gradient_clipping=None, weight_decay=None, logging_level=<LoggingLevel.NONE: 0>, logging_percentiles=None), eval=EvalConfig(enabled=True, every_steps=6000000, n_envs=512, max_episode_length=1000, logging_level=<LoggingLevel.LOSSES: 1>, logging_percentiles=None), video=VideoConfig(enabled=False, every_steps=6000000, episode_length=1000, render_kwargs={'height': 240, 'width': 320}), seed=1234, checkpoint_every_steps=500000)
delay,net_size,n_actor_params,reward_mean,reward_std
0,[32, 32],1314,413.8578,21.869783
0,[32, 32, 32, 32],3426,843.17896,1.2102008
0,[64, 64],4674,756.0416,4.324264
0,[64, 64, 64, 64],12994,651.80237,7.4126925
0,[128, 128],17538,666.72485,0.50397986
0,[128, 128, 128, 128],50562,788.7994,7.53696
0,[256, 256],67842,812.6169,12.424606
0,[256, 256, 256, 256],199426,746.80444,2.3102381
2,[32, 32],1378,765.995,4.917691
2,[32, 32, 32, 32],3490,833.1514,28.040228
2,[64, 64],4802,847.5891,0.83085746
2,[64, 64, 64, 64],13122,867.9927,0.96737844
2,[128, 128],17794,804.3767,2.7948143
2,[128, 128, 128, 128],50818,830.4682,2.1909075
2,[256, 256],68354,535.38654,143.53696
2,[256, 256, 256, 256],199938,838.2483,3.485186
5,[32, 32],1474,817.9826,3.0171304
5,[32, 32, 32, 32],3586,823.6498,3.4553726
5,[64, 64],4994,837.5522,4.6672096
5,[64, 64, 64, 64],13314,821.072,1.3079519
5,[128, 128],18178,862.7567,1.9853603
5,[128, 128, 128, 128],51202,0.004684639,0.0012518447
5,[256, 256],69122,648.3126,1.3193847
5,[256, 256, 256, 256],200706,876.21594,2.4593558
10,[32, 32],1634,530.3649,35.78856
10,[32, 32, 32, 32],3746,870.6687,0.87024903
10,[64, 64],5314,856.6533,1.3444126
10,[64, 64, 64, 64],13634,867.696,5.083015
10,[128, 128],18818,850.8107,3.9158757
10,[128, 128, 128, 128],51842,826.62585,2.0704172
10,[256, 256],70402,822.3895,9.397658
10,[256, 256, 256, 256],201986,821.9335,1.3691545
0,[32, 32],1314,771.3981,78.57933
0,[32, 32, 32, 32],3426,858.7185,8.634781
0,[64, 64],4674,810.75244,24.978853
0,[64, 64, 64, 64],12994,675.7538,1.6462604
0,[128, 128],17538,842.2618,0.73843753
0,[128, 128, 128, 128],50562,733.698,2.8695226
0,[256, 256],67842,456.69965,163.42085
0,[256, 256, 256, 256],199426,779.54236,1.337402
2,[32, 32],1378,850.6612,0.73623955
2,[32, 32, 32, 32],3490,721.7534,5.9346695
2,[64, 64],4802,865.9132,9.881925
2,[64, 64, 64, 64],13122,840.87054,4.227318
2,[128, 128],17794,849.311,2.3517559
